# oST version 5.0 parameters


[image]

width
1936

height
1216

[narrow_stereo]

camera matrix
1443.422183 0.000000 997.861930
0.000000 1436.886498 629.658405
0.000000 0.000000 1.000000

distortion
0.060814 0.460061 -0.001013 0.003851 0.000000

rectification
1.000000 0.000000 0.000000
0.000000 1.000000 0.000000
0.000000 0.000000 1.000000

projection
1653.029785 0.000000 995.744853 0.000000
0.000000 1647.675537 626.574940 0.000000
0.000000 0.000000 1.000000 0.000000

